0	0.054976	0.03088	0.023744
100000	0.059328	0.054976	0.047584
200000	0.04512	0.052704	0.0512
300000	0.012416	0.004544	0.003392
400000	0.004608	0.004896	0.055264
500000	0.043968	0.05248	0.052608
600000	0.043616	0.05296	0.051808
700000	0.043424	0.052832	0.079712
800000	0.0048	0.004672	0.003936
900000	0.00496	0.056032	0.051616
1000000	0.044	0.052416	0.052288
1100000	0.045056	0.052256	0.051904
1200000	0.04368	0.052288	0.048544
1300000	0.043168	0.053088	0.050368
1400000	0.110112	0.105088	0.099904
1500000	0.095872	0.100768	0.05872
1600000	0.044736	0.052448	0.05216
1700000	0.044	0.052288	0.048256
1800000	0.043072	0.053312	0.051968
1900000	0.0128	0.004544	0.003872
2000000	0.00496	0.004704	0.05536
2100000	0.043488	0.052576	0.052416
2200000	0.044096	0.053088	0.052672
2300000	0.04	0.05344	0.052032
2400000	0.044384	0.050944	0.017824
2500000	0.004256	0.00368	0.005248
2600000	0.00464	0.0528	0.052992
2700000	0.043968	0.142624	0.099808
2800000	0.096416	0.09936	0.053344
2900000	0.044224	0.050912	0.15904
3000000	0.099648	0.006688	0.00496
3100000	0.0472	0.051392	0.051904
3200000	0.056608	0.004544	0.004704
3300000	0.005024	0.004704	0.05232
3400000	0.04688	0.05328	0.051872
3500000	0.043296	0.052384	0.051584
3600000	0.043776	0.058144	0.004992
3700000	0.148384	0.136736	0.136384
3800000	0.04768	0.052704	0.052256
3900000	0.043968	0.0536	0.053216
4000000	0.043744	0.05232	0.052576
4100000	0.044448	0.053408	0.05344
4200000	0.04512	0.052608	0.052832
4300000	0.049856	0.052384	0.052768
4400000	0.040128	0.051936	0.052096
4500000	0.043424	0.052928	0.00528
4600000	0.003904	0.153376	0.159424
4700000	0.164448	0.055872	0.051392
4800000	0.04496	0.052576	0.012576
4900000	0.004736	0.151392	0.149664
5000000	0.166624	0.051584	0.0528
5100000	0.043616	0.050912	0.011904
5200000	0.004576	0.13552	0.142272
5300000	0.004896	0.049056	0.05328
5400000	0.044832	0.0912	0.007104
5500000	0.100192	0.100768	0.096576
5600000	0.019872	0.027552	0.031456
5700000	0.016544	0.022848	0.022432
5800000	0.036928	0.038592	0.210208
5900000	0.033152	0.036768	0.036992
6000000	0.030784	0.035968	0.035328
6100000	0.030656	0.034272	0.023616
6200000	0.01936	0.022752	0.02304
6300000	0.019104	0.022784	0.022688
6400000	0.019328	0.02256	0.02256
6500000	0.018976	0.022688	0.022432
6600000	0.01904	0.022848	0.020672
6700000	0.019264	0.022592	0.022784
6800000	0.0192	0.023072	0.022688
6900000	0.019328	0.02304	0.022848
7000000	0.01904	0.022656	0.023136
7100000	0.01936	0.023584	0.022976
7200000	0.02064	0.02416	0.022848
7300000	0.019328	0.023168	0.023136
7400000	0.030944	0.02016	0.023008
7500000	0.020384	0.022816	0.022176
7600000	0.019328	0.02272	0.02304
7700000	0.04736	0.037952	0.037184
7800000	0.53088	0.0088	0.024896
7900000	0.02016	0.03968	0.040928
8000000	0.032448	0.038848	0.04048
8100000	0.033824	0.04832	0.039168
8200000	0.030304	0.035808	0.037856
8300000	0.033248	0.03872	0.053056
8400000	0.004	0.00432	0.003456
8500000	0.00432	0.042464	0.03552
8600000	0.028928	0.038496	0.033216
8700000	0.027776	0.038368	0.040832
8800000	0.003904	0.004288	0.00416
8900000	0.003328	0.086336	0.041152
9000000	0.031072	0.040736	0.043808
9100000	0.034176	0.034592	0.0088
9200000	0.01696	0.023168	0.692
9300000	0.00464	0.095872	0.00672
9400000	0.00448	0.006528	0.02384
9500000	0.019136	0.020448	0.005056
9600000	0.05824	0.004384	0.003744
9700000	0.098144	0.08304	0.017824
9800000	0.019328	0.028288	0.005536
9900000	0.018112	0.022048	0.023264
10000000	0.01792	0.024096	0.022912
10100000	0.004832	0.004096	0.082816
10200000	0.083904	0.086976	0.018816
10300000	0.027424	0.015008	0.00576
10400000	0.02048	0.023872	0.023776
10500000	0.019296	0.022944	0.004288
10600000	0.003456	0.086912	0.082752
10700000	0.083712	0.017984	0.022688
10800000	0.547552	0.023648	0.023008
10900000	0.019872	0.024352	0.023872
11000000	0.039648	0.019584	0.004416
11100000	0.003936	0.005984	0.08272
11200000	0.01168	0.00496	0.024384
11300000	0.018848	0.042592	0.003968
11400000	0.003872	0.098176	0.097088
11500000	0.019872	0.022848	0.022752
11600000	0.019008	0.02336	0.022304
11700000	0.017056	0.050304	0.004288
11800000	0.003424	0.004544	0.006976
11900000	0.020704	0.023168	0.023008
12000000	0.01984	0.022912	0.0232
12100000	0.018848	0.022944	0.02256
12200000	0.019264	0.02304	0.022752
12300000	0.019296	0.023072	0.022592
12400000	0.019264	0.022944	0.02304
12500000	0.019264	0.023328	0.022688
12600000	0.019104	0.037472	0.027616
12700000	0.015264	0.02272	0.022688
12800000	0.019168	0.022816	0.022432
12900000	0.019296	0.023232	0.022976
13000000	1.22589	0.006016	0.005664
13100000	0.004256	0.00416	0.004128
13200000	0.036	0.036672	0.0416
13300000	0.04144	0.04432	0.08096
13400000	0.00416	0.004192	0.004192
13500000	0.00432	0.041696	0.038336
13600000	0.018528	0.022528	0.022656
13700000	0.018912	0.040128	0.043264
13800000	0.031456	0.084416	0.004256
13900000	0.004352	0.0032	0.004192
14000000	0.034144	0.040928	0.054144
14100000	0.032608	0.05664	0.106112
14200000	0.00336	0.00416	0.003392
14300000	0.034304	0.035072	0.03568
14400000	0.034496	0.041184	0.040672
14500000	0.045824	0.051008	0.042752
14600000	0.07792	0.002976	0.004608
14700000	0.003456	0.004256	0.040256
14800000	0.03568	0.19344	0.111328
14900000	0.003168	0.004352	0.004256
15000000	0.033536	0.03584	0.03424
15100000	0.032192	0.038176	0.036416
15200000	0.0344	0.039808	0.041728
15300000	0.03472	0.04112	0.040576
15400000	0.034144	0.091072	0.038272
15500000	0.031712	0.035616	0.032608
15600000	0.027968	0.033696	0.03424
15700000	0.029632	0.033952	0.05296
15800000	0.033632	0.048224	0.009568
15900000	0.003232	0.00432	0.004384
16000000	0.004256	0.040992	0.039296
16100000	0.041856	0.040768	0.095328
16200000	0.004128	0.00432	0.004288
16300000	0.00416	0.040832	0.037056
16400000	0.030816	0.055008	0.036128
16500000	0.035744	0.036416	0.040928
16600000	0.037696	0.051808	0.042912
16700000	0.00464	0.00608	0.004576
16800000	0.004288	0.004928	0.042112
16900000	0.021152	0.004864	0.021344
17000000	0.004864	0.021312	0.004864
17100000	0.022112	0.004832	0.021312
17200000	0.004928	0.021216	0.004832
17300000	0.016064	0.03136	0.021376
17400000	0.004992	0.03088	0.00544
17500000	0.017792	0.005568	0.022464
17600000	0.005696	0.022464	0.005664
17700000	0.017664	0.00544	0.016544
17800000	0.005472	0.022208	0.005632
17900000	0.017504	0.005632	0.022112
18000000	0.005536	0.022336	0.005568
18100000	0.017792	0.005664	0.02224
18200000	0.005568	0.022176	0.005824
18300000	0.017664	0.005472	0.02224
18400000	0.00544	0.02208	0.005568
18500000	0.017568	0.0056	0.022272
18600000	0.00576	0.022368	0.005664
18700000	0.017728	0.00544	0.004672
18800000	0.004288	0.004288	0.083776
18900000	0.014272	0.022784	0.022432
19000000	0.018912	0.022912	0.02256
19100000	0.01888	0.023104	0.02272
19200000	0.019456	0.022784	0.022432
19300000	0.01936	0.023072	0.02112
19400000	0.019264	0.023328	0.022944
19500000	0.019296	0.023264	0.022496
19600000	0.019488	0.022784	0.022848
19700000	0.019392	0.023744	0.02336
19800000	0.019264	0.023168	0.02272
19900000	0.019872	0.022912	0.022912
20000000	0.019456	0.02352	0.02272
20100000	0.019072	0.023104	0.022816
20200000	0.019232	0.02272	0.022848
20300000	0.019488	0.022688	0.022496
20400000	0.005632	0.022656	0.022816
20500000	0.018944	0.022976	0.023072
20600000	0.019808	0.023072	0.022464
20700000	0.019552	0.023488	0.022656
20800000	0.019328	0.022848	0.00576
20900000	0.019008	0.005408	0.004544
21000000	0.082752	0.08288	0.082976
21100000	0.011712	0.022048	0.021568
21200000	0.018816	0.022848	0.022208
21300000	0.00464	0.004032	0.082176
21400000	0.082944	0.082848	0.01872
21500000	0.018944	0.022848	0.02256
21600000	0.019392	0.023904	0.022016
21700000	0.018592	0.021696	0.004448
21800000	0.003936	0.004448	0.00384
21900000	0.10016	0.027008	0.023264
22000000	0.018656	0.021376	0.02144
22100000	0.01952	0.02368	0.02416
22200000	0.017376	0.027616	0.024224
22300000	0.020416	0.024896	0.022112
22400000	0.018816	0.02	0.020672
22500000	0.017664	0.023552	0.021344
22600000	0.020064	0.022656	0.021984
22700000	0.004896	0.004672	0.003712
22800000	0.082784	0.083168	0.014816
22900000	0.017888	0.024832	0.022848
23000000	0.019328	0.02256	0.022528
23100000	0.019328	0.022592	0.022784
23200000	0.028352	0.023296	0.022592
23300000	0.018976	0.02288	0.022688
23400000	0.027776	0.021984	0.023168
23500000	0.019232	0.022688	0.022912
23600000	0.004992	0.004416	0.022784
23700000	0.019136	0.022016	0.021152
23800000	0.005344	0.00352	0.087648
23900000	0.083008	0.082944	0.017088
24000000	0.01936	0.02272	0.022624
24100000	0.018912	0.02288	0.02272
24200000	0.019008	0.022656	0.022528
24300000	0.018784	0.022784	0.02256
24400000	0.019264	0.022752	0.022816
24500000	0.018944	0.02272	0.02384
24600000	0.024416	0.023616	0.022656
24700000	0.01888	0.022688	0.022496
24800000	0.0192	0.022816	0.022592
24900000	0.004896	0.005824	0.025792
25000000	0.019168	0.022528	0.0432
25100000	0.003488	0.082848	0.083232
25200000	0.08304	0.016128	0.022592
25300000	0.019104	0.022624	0.022784
25400000	0.018912	0.022656	0.022496
25500000	0.01888	0.022816	0.022752
25600000	0.018976	0.022816	0.02256
25700000	0.019232	0.022368	0.023232
25800000	0.019296	0.022816	0.028736
25900000	0.037248	0.004864	0.00576
26000000	0.018848	0.020896	0.023008
26100000	0.050944	0.003808	0.083392
26200000	0.1304	0.08416	0.018752
26300000	0.018944	0.022432	0.02272
26400000	0.018976	0.02256	0.02272
26500000	0.01888	0.022592	0.022688
26600000	0.019072	0.023168	0.02272
26700000	0.01888	0.022624	0.022944
26800000	0.018912	0.022912	0.023424
26900000	0.019328	0.022528	0.022816
27000000	0.01936	0.02288	0.529472
27100000	0.004832	0.025728	0.021184
27200000	0.018144	0.022496	0.005312
27300000	0.004	0.00672	0.08224
27400000	0.083424	0.016544	0.022944
27500000	0.01904	0.022784	0.022528
27600000	0.01904	0.023584	0.022816
27700000	0.019008	0.022528	0.022592
27800000	0.019232	0.02272	0.02272
27900000	0.019136	0.022816	0.022464
28000000	0.027968	0.023136	0.023136
28100000	0.019136	0.023168	0.022688
28200000	0.018208	0.022592	0.022848
28300000	0.019008	0.02336	0.022592
28400000	0.019264	0.023008	0.022336
28500000	0.018976	0.022848	0.022688
28600000	0.019168	0.022464	0.022688
28700000	0.01904	0.022944	0.022784
28800000	0.01904	0.022624	0.005664
28900000	0.014976	0.022912	0.02256
29000000	0.019136	0.022464	0.022752
29100000	0.019712	0.022336	0.022432
29200000	0.019392	0.02256	0.022816
29300000	0.019136	0.542336	0.020896
29400000	0.019104	0.022432	0.02304
29500000	0.029824	0.036896	0.029024
29600000	0.016768	0.022848	0.022912
29700000	0.019104	0.022624	0.022304
29800000	0.019072	0.022592	0.022464
29900000	0.0192	0.022816	0.022944
30000000	0.01936	0.02432	0.022752
30100000	0.019232	0.02256	0.022912
30200000	0.019136	0.022976	0.02256
30300000	0.01904	0.02288	0.041856
30400000	0.014624	0.022944	0.02256
30500000	0.019072	0.022656	0.022496
30600000	0.018912	0.022912	0.0224
30700000	0.019264	0.022624	0.022784
30800000	0.01936	0.022464	0.022656
30900000	0.019296	0.022624	0.022368
31000000	0.018976	0.022464	0.022272
31100000	0.018976	0.023072	0.004992
31200000	0.003552	0.004864	0.003904
31300000	0.00464	0.005696	0.0056
31400000	0.005664	0.004576	0.004896
31500000	0.005088	0.005088	0.005696
31600000	0.018208	0.023008	0.02336
31700000	0.019552	0.023776	0.022688
31800000	0.019264	0.023616	0.022464
31900000	0.02016	0.023872	0.022656
32000000	0.019584	0.02304	0.022624
32100000	0.019616	0.023168	0.027392
32200000	0.019552	0.024192	0.032416
32300000	0.018208	0.023136	0.022912
32400000	0.02016	0.0232	0.021632
32500000	0.020096	0.023072	0.023552
32600000	0.01792	0.022816	0.022208
32700000	0.01936	0.00544	0.006688
32800000	0.10352	0.003744	0.100544
32900000	0.01936	0.02288	0.023168
33000000	0.030528	0.635648	0.035328
33100000	0.003968	0.082304	0.082848
33200000	0.08288	0.014752	0.022624
33300000	0.018912	0.022496	0.0224
33400000	0.019264	0.021696	0.023008
33500000	0.018112	0.022432	0.019808
33600000	0.019232	0.023232	0.036768
33700000	0.02112	0.023168	0.023392
33800000	0.01904	0.020576	0.021888
33900000	0.019904	0.021696	0.021504
34000000	0.019392	0.022336	0.024128
34100000	0.019168	0.634848	0.028512
34200000	0.01968	0.022912	0.022816
34300000	0.01872	0.022976	0.022816
34400000	0.019712	0.052704	0.022016
34500000	0.018464	0.00496	0.005568
34600000	0.017248	0.022816	0.022432
34700000	0.01904	0.0232	0.02288
34800000	0.698048	0.021216	0.0224
34900000	0.019008	0.022912	0.022592
35000000	0.018976	0.022464	0.022432
35100000	0.019072	0.022848	0.022752
35200000	0.030304	0.023264	0.022336
35300000	0.018944	0.022496	0.0224
35400000	0.018912	0.022336	0.022624
35500000	0.01904	0.022496	0.022688
35600000	0.0192	0.022464	0.022592
35700000	0.01936	0.022592	0.022464
35800000	0.019072	0.022816	0.022528
35900000	0.018912	0.022624	0.02256
36000000	0.01904	0.022816	0.020992
36100000	0.019104	0.022464	0.022208
36200000	0.019136	0.02256	0.022848
36300000	0.018848	0.022528	0.022592
36400000	0.019328	0.022624	0.022528
36500000	0.019008	0.022656	0.022688
36600000	0.018912	0.022784	0.022656
36700000	0.01904	0.02272	0.022656
36800000	0.019008	0.02288	0.022688
36900000	0.018912	0.022656	0.02256
37000000	0.029632	0.022592	0.022848
37100000	0.019072	0.022496	0.022624
37200000	0.01904	0.022592	0.022688
37300000	0.018912	0.022912	0.02272
37400000	0.019232	0.022912	0.02256
37500000	0.019072	0.022624	0.022592
37600000	0.019136	0.02272	0.022912
37700000	0.019008	0.022944	0.022208
37800000	0.018848	0.022432	0.0208
37900000	0.0192	0.0224	0.022592
38000000	0.01936	0.022816	0.022656
38100000	0.019072	0.022688	0.022432
38200000	0.01904	0.02256	0.030688
38300000	0.038464	0.049184	0.03232
38400000	0.621408	0.028832	0.022848
38500000	0.031424	0.022816	0.022912
38600000	0.019008	0.022816	0.022592
38700000	0.019072	0.022688	0.022912
38800000	0.018848	0.022592	0.022848
38900000	0.019008	0.022592	0.033216
39000000	0.023456	0.03312	0.034624
39100000	0.02848	0.032064	0.03424
39200000	0.028384	0.034432	0.034656
39300000	0.028672	0.037728	0.033728
39400000	0.019008	0.022688	0.022528
39500000	0.019104	0.022816	0.023008
39600000	0.019168	0.022464	0.022432
39700000	0.01904	0.022848	0.022496
39800000	0.019424	0.022304	0.023904
39900000	0.020576	0.02352	0.005376
40000000	0.003552	0.082368	0.084064
40100000	0.082688	0.01248	0.018016
40200000	0.016992	0.022176	0.022304
40300000	0.017184	0.048384	0.004064
40400000	0.004128	0.082944	0.082912
40500000	0.011904	0.022688	0.022848
40600000	0.021696	0.023328	0.022304
40700000	0.020032	0.022304	0.022752
40800000	0.01952	0.023008	0.022464
40900000	0.021664	0.021184	0.020416
41000000	0.018624	0.02048	0.02352
41100000	0.005536	0.020416	0.022592
41200000	0.018944	0.022624	0.022432
41300000	0.019008	0.022496	0.022464
41400000	0.018944	0.022656	0.022496
41500000	0.01904	0.022848	0.022592
41600000	0.01888	0.022944	0.022496
41700000	0.018912	0.022528	0.022432
41800000	0.018816	0.02304	0.022368
41900000	0.01888	0.022656	0.03968
42000000	0.017056	0.02272	0.02256
42100000	0.018976	0.022944	0.022432
42200000	0.019104	0.022464	0.022688
42300000	0.018912	0.022592	0.022656
42400000	0.019264	0.022592	0.022592
42500000	0.019072	0.022592	0.022464
42600000	0.01888	0.022368	0.02256
42700000	0.018912	0.022656	0.022528
42800000	0.018656	0.02256	0.022208
42900000	0.019104	0.022496	0.02256
43000000	0.016672	0.022848	0.022752
43100000	0.018912	0.022528	0.022656
43200000	0.018976	0.02272	0.022528
43300000	0.019104	0.022592	0.022816
43400000	0.019008	0.02272	0.031456
43500000	0.019712	0.022624	0.022656
43600000	0.01888	0.022976	0.022656
43700000	0.019136	0.022464	0.02256
43800000	0.01888	0.039808	0.023744
43900000	0.019264	0.02288	0.022368
44000000	0.018944	0.022912	0.022624
44100000	0.018976	0.022848	0.022464
44200000	0.019136	0.022528	0.022656
44300000	0.019136	0.022656	0.022368
44400000	0.019104	0.022592	0.023072
44500000	0.018848	0.022688	0.022816
44600000	0.018624	0.02272	0.022592
44700000	0.01904	0.022784	0.02048
44800000	0.018912	0.022784	0.022688
44900000	0.019072	0.022816	0.022464
45000000	0.019008	0.022656	0.022624
45100000	0.019264	0.022752	0.022528
45200000	0.019072	0.022816	0.022624
45300000	0.019232	0.02256	0.02272
45400000	0.01936	0.022528	0.022656
45500000	0.019136	0.022656	0.022528
45600000	0.01936	0.021568	0.022944
45700000	0.0192	0.022816	0.022944
45800000	0.019008	0.022688	0.022208
45900000	0.018848	0.022944	0.02272
46000000	0.019104	0.022816	0.022688
46100000	0.018976	0.022496	0.022688
46200000	0.019104	0.022592	0.022848
46300000	0.019104	0.022656	0.022592
46400000	0.019104	0.032064	0.023264
46500000	0.019392	0.022816	0.022624
46600000	0.019104	0.022656	0.022688
46700000	0.0192	0.022816	0.023744
46800000	0.016192	0.022944	0.022592
46900000	0.018976	0.02272	0.02288
47000000	0.019072	0.022752	0.022432
47100000	0.019136	0.022816	0.02256
47200000	0.019104	0.022432	0.02272
47300000	0.01888	0.022592	0.02256
47400000	0.019104	0.02272	0.022592
47500000	0.019264	0.022432	0.022432
47600000	0.01904	0.022816	0.022176
47700000	0.019104	0.02256	0.022816
47800000	0.019072	0.022752	0.02272
47900000	0.018944	0.022688	0.022688
48000000	0.018688	0.022432	0.022496
48100000	0.018848	0.022816	0.022624
48200000	0.019168	0.022336	0.022944
48300000	0.018976	0.022688	0.022912
48400000	0.019008	0.022816	0.022592
48500000	0.018848	0.023008	0.022656
48600000	0.018976	0.02256	0.022432
48700000	0.01904	0.022816	0.023072
48800000	0.018912	0.0224	0.022848
48900000	0.018976	0.022944	0.022496
49000000	0.019104	0.021792	0.050752
49100000	0.036928	0.606176	0.0288
49200000	0.019232	0.02256	0.022688
49300000	0.018912	0.022912	0.022624
49400000	0.018848	0.02256	0.056864
49500000	0.01936	0.022848	0.022496
49600000	0.019104	0.022688	0.022496
49700000	0.038528	0.022688	0.022304
49800000	0.019168	0.022688	0.022592
49900000	0.019072	0.022752	0.022624
50000000	0.018976	0.022496	0.022432
50100000	0.019136	0.022816	0.022656
50200000	0.019072	0.022528	0.022432
50300000	0.019104	0.022464	0.022656
50400000	0.019008	0.022816	0.022432
50500000	0.018944	0.022464	0.022656
50600000	0.017024	0.022528	0.022464
50700000	0.019168	0.0224	0.022176
50800000	0.018944	0.022592	0.022464
50900000	0.018976	0.022816	0.022592
51000000	0.018976	0.022528	0.022368
51100000	0.019104	0.022592	0.02256
51200000	0.019392	0.022752	0.02256
51300000	0.019008	0.02304	0.022368
51400000	0.018944	0.022464	0.022272
51500000	0.01888	0.022528	0.022336
51600000	0.01904	0.039232	0.022784
51700000	0.018944	0.022624	0.023232
51800000	0.01888	0.022848	0.022912
51900000	0.019104	0.022592	0.022144
52000000	0.018976	0.022496	0.02256
52100000	0.018976	0.02272	0.022848
52200000	0.019008	0.022816	0.022592
52300000	0.019136	0.022848	0.022592
52400000	0.019008	0.022944	0.02272
52500000	0.016768	0.022816	0.022688
52600000	0.018752	0.022304	0.022624
52700000	0.018848	0.022944	0.02272
52800000	0.018624	0.022624	0.02256
52900000	0.019104	0.022752	0.022592
53000000	0.019008	0.022944	0.022464
53100000	0.019104	0.022752	0.02256
53200000	0.018784	0.022816	0.022464
53300000	0.018624	0.022848	0.02096
53400000	0.018976	0.022592	0.022464
53500000	0.019072	0.022592	0.022816
53600000	0.01936	0.022624	0.02256
53700000	0.019232	0.022304	0.022432
53800000	0.018976	0.022752	0.022624
53900000	0.019328	0.02272	0.022944
54000000	0.019008	0.022816	0.022688
54100000	0.019104	0.022816	0.022464
54200000	0.019072	0.020736	0.022496
54300000	0.019104	0.022528	0.0224
54400000	0.01904	0.022816	0.02256
54500000	0.018816	0.022688	0.022464
54600000	0.019232	0.022816	0.022688
54700000	0.019136	0.022688	0.023488
54800000	0.019296	0.022976	0.022496
54900000	0.018976	0.022912	0.02272
55000000	0.019328	0.022592	0.02256
55100000	0.019104	0.022816	0.022336
55200000	0.019008	0.022688	0.022688
55300000	0.019168	0.022816	0.02272
55400000	0.019136	0.02272	0.022464
55500000	0.030784	0.020256	0.022624
55600000	0.019072	0.022976	0.022432
55700000	0.018528	0.021856	0.022144
55800000	0.019488	0.022624	0.004544
55900000	0.003616	0.082336	0.084128
56000000	0.08304	0.019104	0.023072
56100000	0.01904	0.022816	0.02272
56200000	0.019296	0.022592	0.023072
56300000	0.019264	0.022528	0.02256
56400000	0.018912	0.022624	0.022272
56500000	0.019232	0.022944	0.022336
56600000	0.01872	0.022656	0.022432
56700000	0.018976	0.022368	0.022432
56800000	0.019008	0.022912	0.022464
56900000	0.018976	0.022624	0.022976
57000000	0.018848	0.022688	0.022592
57100000	0.019008	0.022656	0.022688
57200000	0.018912	0.022976	0.022592
57300000	0.019136	0.022496	0.022368
57400000	0.018976	0.022816	0.02256
57500000	0.018848	0.022784	0.041696
57600000	0.014784	0.022848	0.022464
57700000	0.019008	0.022912	0.02256
57800000	0.019008	0.022848	0.0224
57900000	0.01936	0.022688	0.022592
58000000	0.017088	0.023008	0.022592
58100000	0.018688	0.022816	0.022496
58200000	0.019008	0.022848	0.02256
58300000	0.01888	0.022624	0.02256
58400000	0.019328	0.022944	0.022464
58500000	0.019232	0.022816	0.022496
58600000	0.01904	0.022848	0.022816
58700000	0.019488	0.022816	0.022432
58800000	0.018976	0.02272	0.022592
58900000	0.019136	0.022752	0.0432
59000000	0.01936	0.022848	0.022464
59100000	0.018976	0.022656	0.022688
59200000	0.01904	0.022752	0.022592
59300000	0.01904	0.022912	0.022368
59400000	0.019168	0.022656	0.02272
59500000	0.01904	0.022688	0.022304
59600000	0.019008	0.022848	0.02256
59700000	0.019264	0.022816	0.022688
59800000	0.019008	0.023008	0.022848
59900000	0.019136	0.022688	0.022144
60000000	0.019104	0.0224	0.022656
60100000	0.019328	0.02272	0.022432
60200000	0.018912	0.0224	0.02256
60300000	0.019008	0.022816	0.02272
60400000	0.019136	0.022464	0.02256
60500000	0.019104	0.023904	0.022944
60600000	0.018944	0.022848	0.022496
60700000	0.016896	0.022944	0.022464
60800000	0.019232	0.022848	0.02256
60900000	0.018752	0.027872	0.022688
61000000	0.01888	0.022816	0.0224
61100000	0.019104	0.022592	0.02256
61200000	0.019456	0.022432	0.02304
61300000	0.018752	0.022816	0.02256
61400000	0.01888	0.02304	0.022336
61500000	0.018944	0.022592	0.022592
61600000	0.019072	0.022528	0.042144
61700000	0.018912	0.02272	0.02256
61800000	0.018976	0.022528	0.02272
61900000	0.019264	0.022464	0.022592
62000000	0.019008	0.022688	0.022336
62100000	0.018912	0.022688	0.022496
62200000	0.01904	0.022464	0.022592
62300000	0.019008	0.022688	0.022464
62400000	0.018976	0.022816	0.022304
62500000	0.019008	0.02256	0.02272
62600000	0.01888	0.022816	0.022624
62700000	0.01904	0.022784	0.029248
62800000	0.01936	0.022816	0.02256
62900000	0.019072	0.022592	0.022656
63000000	0.018944	0.022592	0.02256
63100000	0.019168	0.022432	0.022688
63200000	0.0192	0.022464	0.022816
63300000	0.018912	0.022912	0.022592
63400000	0.019232	0.022976	0.022688
63500000	0.01968	0.022752	0.02272
63600000	0.01936	0.02288	0.02256
63700000	0.01888	0.02304	0.022656
63800000	0.019264	0.022688	0.022656
63900000	0.019392	0.02256	0.022464
64000000	0.018976	0.022752	0.022688
64100000	0.01936	0.022656	0.022432
64200000	0.018912	0.022848	0.02256
64300000	0.01904	0.022624	0.022592
64400000	0.019232	0.022816	0.022592
64500000	0.019104	0.022656	0.022336
64600000	0.019232	0.02272	0.022688
64700000	0.019008	0.022688	0.02272
64800000	0.01936	0.02288	0.022592
64900000	0.018848	0.022848	0.02256
65000000	0.019264	0.022848	0.022368
65100000	0.018912	0.022816	0.022432
65200000	0.018848	0.02256	0.022528
65300000	0.018752	0.022592	0.022464
65400000	0.019104	0.022816	0.022592
65500000	0.018816	0.022816	0.0224
65600000	0.019328	0.022592	0.022656
65700000	0.019136	0.022816	0.022624
65800000	0.019072	0.022656	0.022624
65900000	0.01936	0.022784	0.02272
66000000	0.01936	0.022944	0.022592
66100000	0.018816	0.022816	0.022272
66200000	0.01936	0.022688	0.02256
66300000	0.018848	0.02272	0.022496
66400000	0.019072	0.022688	0.02272
66500000	0.01872	0.02288	0.022816
66600000	0.018912	0.022592	0.022496
66700000	0.018976	0.022912	0.022592
66800000	0.019008	0.023072	0.02256
66900000	0.019424	0.022656	0.022624
67000000	0.018976	0.022496	0.02272
67100000	0.019104	0.022336	0.02256
67200000	0.019008	0.031936	0.022368
67300000	0.0192	0.022752	0.022624
67400000	0.01904	0.022816	0.022624
67500000	0.016832	0.022784	0.022272
67600000	0.019008	0.022464	0.022528
67700000	0.01888	0.02256	0.022688
67800000	0.018784	0.022688	0.022592
67900000	0.01904	0.02256	0.02256
68000000	0.01872	0.022752	0.022624
68100000	0.018816	0.022592	0.022432
68200000	0.019008	0.022336	0.022624
68300000	0.018912	0.022752	0.022336
68400000	0.068768	0.023072	0.022688
68500000	0.019232	0.02288	0.022688
68600000	0.019072	0.022432	0.022656
68700000	0.019392	0.022944	0.022368
68800000	0.019264	0.022336	0.02256
68900000	0.018976	0.023168	0.02256
69000000	0.019104	0.022688	0.02256
69100000	0.01904	0.02288	0.022336
69200000	0.01904	0.069952	0.023136
69300000	0.018912	0.022368	0.031968
69400000	0.019328	0.022336	0.02272
69500000	0.018944	0.022944	0.022688
69600000	0.019168	0.022656	0.0224
69700000	0.01888	0.022816	0.022464
69800000	0.0192	0.022688	0.022656
69900000	0.019328	0.023616	0.019328
70000000	0.019008	0.02256	0.022496
70100000	0.016736	0.022432	0.02256
70200000	0.01888	0.022528	0.022624
70300000	0.018976	0.022496	0.022624
70400000	0.019104	0.022592	0.022496
70500000	0.019168	0.02272	0.022592
70600000	0.018912	0.022592	0.022496
70700000	0.018816	0.022816	0.022432
70800000	0.018848	0.022528	0.022528
70900000	0.01904	0.02256	0.02064
71000000	0.019104	0.022816	0.022528
71100000	0.018976	0.022592	0.022784
71200000	0.018912	0.022592	0.022688
71300000	0.018656	0.022464	0.022592
71400000	0.018688	0.022592	0.022432
71500000	0.018976	0.022592	0.022624
71600000	0.018528	0.02272	0.022688
71700000	0.018912	0.022496	0.02256
71800000	0.018976	0.02256	0.022496
71900000	0.01888	0.02288	0.020992
72000000	0.019296	0.022912	0.02272
72100000	0.018816	0.022592	0.03088
72200000	0.01984	0.0224	0.022816
72300000	0.019008	0.022336	0.022816
72400000	0.018976	0.022624	0.022688
72500000	0.01888	0.022944	0.022368
72600000	0.019136	0.022464	0.022208
72700000	0.018912	0.022944	0.02272
72800000	0.018976	0.022592	0.022336
72900000	0.018944	0.02272	0.022432
73000000	0.019168	0.022848	0.022592
73100000	0.019008	0.022688	0.022496
73200000	0.019008	0.022496	0.022592
73300000	0.0192	0.022496	0.02256
73400000	0.019008	0.022784	0.022656
73500000	0.019136	0.022304	0.022592
73600000	0.018784	0.022368	0.02256
73700000	0.018848	0.022816	0.022656
73800000	0.019136	0.022528	0.022688
73900000	0.019104	0.02256	0.022464
74000000	0.0192	0.022336	0.02256
74100000	0.01936	0.022592	0.02256
74200000	0.018912	0.022624	0.022592
74300000	0.019104	0.023008	0.022592
74400000	0.018976	0.022528	0.022688
74500000	0.018912	0.022592	0.022848
74600000	0.01904	0.022912	0.022592
74700000	0.019104	0.02304	0.022144
74800000	0.018848	0.022688	0.022592
74900000	0.019232	0.022624	0.022848
75000000	0.019008	0.022816	0.02272
75100000	0.019104	0.022464	0.037376
75200000	0.017216	0.022784	0.022592
75300000	0.01888	0.02256	0.022368
75400000	0.018944	0.022816	0.022944
75500000	0.019136	0.022464	0.022656
75600000	0.01936	0.022816	0.022752
75700000	0.019168	0.022656	0.023136
75800000	0.019072	0.02272	0.022656
75900000	0.017056	0.022624	0.022432
76000000	0.018976	0.022784	0.022336
76100000	0.018976	0.022976	0.022688
76200000	0.019008	0.022816	0.022496
76300000	0.019104	0.022656	0.022592
76400000	0.019008	0.022816	0.02256
76500000	0.019072	0.022464	0.02256
76600000	0.019104	0.022432	0.022368
76700000	0.018912	0.073856	0.022784
76800000	0.018944	0.022432	0.02272
76900000	0.019008	0.02256	0.022176
77000000	0.019008	0.022816	0.022592
77100000	0.018848	0.022656	0.022432
77200000	0.018944	0.022816	0.022528
77300000	0.01904	0.022368	0.022496
77400000	0.019072	0.02256	0.022656
77500000	0.018816	0.022496	0.022624
77600000	0.02032	0.020576	0.022592
77700000	0.018656	0.022816	0.022944
77800000	0.01856	0.022944	0.022592
77900000	0.018624	0.02272	0.022432
78000000	0.01904	0.022656	0.022496
78100000	0.01984	0.022944	0.022624
78200000	0.019328	0.02272	0.022304
78300000	0.019008	0.022464	0.022208
78400000	0.01904	0.0224	0.022496
78500000	0.019136	0.023008	0.022464
78600000	0.019008	0.020288	0.022816
78700000	0.018976	0.022464	0.02256
78800000	0.01936	0.022624	0.022624
78900000	0.01888	0.022688	0.02256
79000000	0.018944	0.022816	0.022464
79100000	0.019008	0.02272	0.022432
79200000	0.019008	0.022656	0.022656
79300000	0.018784	0.022336	0.022528
79400000	0.019072	0.02256	0.07168
79500000	0.018976	0.02256	0.022592
79600000	0.018912	0.022464	0.022368
79700000	0.018976	0.022816	0.022496
79800000	0.018848	0.02256	0.022656
79900000	0.019072	0.022688	0.022272
80000000	0.018944	0.02256	0.022464
